1467556505
-1844410150
1997864162
146368221
-2081554875
-1428509408
606595972
377768774
-1972308200
780934921
-1785139386
968301287
-75749655
-1341604678
837846911
885580247
-829243525
-102967954
318324207
-194382027
-519162622
159046572
-854638882
1749556349
792005863
1885701820
386846596
505724445
-1154919224
374740823
1145652907
-1246353081
-1315371582
-868895843
1044278162
-234501368
-101001230
-776204725
793927444
-41235302
331762231
2113195308
680948489
-1168006923
62775869
2031117008
759010284
-722053205
-2142312265
721178491
-1933891394
-25114379
1652172267
696909152
-887780055
-1022431480
1173185139
-106255345
1675856359
-37027667
-550653887
-2068177110
-100765852
-219143920
-835797021
1278805087
1785247394
-1699104553
112444935
-151829359
1183009884
147246198
-2103790270
161330264
1588193902
153871297
217763852
-306587733
-722394253
-855419198
202102543
994421980
507970735
-1393224756
1130059680
665367235
14774831
-835964209
1546247821
363765310
-810706
-1765676562
1596068632
1249080024
1616270523
-284510386
1027079747
2032923335
-1905999721
-156511183
