-338339312
1361753776
1016696902
933228198
-1052604832
744779926
54914503
-1905933561
-1602795260
-143700896
-250629174
1083539010
-1082447181
817377886
-872113774
2010581995
-1736275907
1360529697
1532383552
-786161041
-1064815905
-692555458
-1675587004
-43061636
-999276072
1101134161
2019612433
930975904
-1785861828
1797983812
599769616
1598902576
-508597753
1731144657
-950575658
-2095403413
-378507403
-1502998203
-1331647336
542746846
1657040271
1154154117
728120030
901509641
-357575415
2035301718
-499078794
18407746
-1052757941
-1355056424
-1610784085
-1025158439
-1556054579
1584641363
-1784746314
1260901756
-1087874137
-1158561227
-1884710027
1001900509
60414056
-2057260965
1902537562
-2023991151
1990917413
-370439537
-1192132699
-1622515141
1400202453
1908817489
176714197
919522793
1480029404
-1600673062
-807382949
1776605629
-805827867
885464157
-795725167
760107471
1616294900
-116410481
1982371817
666751314
-1136672582
987797865
-800651671
-1174310412
-539178197
-466047188
-1224172458
35556747
244285773
-988181851
-498497233
-516590099
709740883
681359026
-279272995
2014201630
