1521371031
1742616835
779168059
122288207
156044870
568597103
109280971
586761412
454144460
649057782
1644698961
45933343
1055066528
730662817
938471773
1775185243
548071330
877481327
1058458940
1912356479
1735081551
835185044
1001917716
811776685
567135404
1312309642
1331098404
1433725229
1853404463
918509906
1283535506
908015227
993124607
1202365365
333571285
1400268325
36450802
595789819
1870725619
2124886453
313565961
178236789
2033508805
2127727277
814654695
1693209240
1461890283
629581054
716845809
644252193
334059577
1017057381
1861055994
668772603
131730223
2081701551
354390733
1272896400
337703386
2129013128
951115982
1685524853
1159416794
51443880
1328865066
405235462
1121765197
748728966
1781043789
228406190
1269558141
66159195
1688544866
377167757
1834249602
1105308129
1180177553
1085169579
2013983929
390650689
808621144
1219048992
1562416164
98432832
798199234
4183029
1584691699
821194999
2094432571
1723762820
1727317710
1344811824
2134424940
1713127092
1213779915
1051868552
669371360
1605104534
302329324
302639666
