526926156
1972827311
161106297
1884138459
2068705398
971379256
800471098
1680179278
1510650943
1958724167
1500249906
1094670715
638303156
1280326127
655073549
1819963521
1517313226
115081257
1435404099
5401495
588613291
1513903755
794160629
846825498
1222016217
2040442858
556755463
802816662
299884133
8503822
1189815652
2011425947
348320155
176423363
1620029081
2031087701
90937995
1534008948
1547206801
25222884
866732929
798760102
840756917
159106759
490157998
338202494
1927586696
11301030
957850274
1052137206
889671844
1933531694
1144634654
716119952
1329675476
1140894450
131537087
983148446
1036751904
6938770
655790452
984050360
1162834973
1666203511
695652497
930542811
1657107023
282317618
1120829503
54905437
1525195096
1589167880
890441421
1982910451
2124715811
1740553161
454737493
2026228825
32187649
1959421346
332835477
1918445151
988176799
1796418542
933842221
1275716071
483273649
597065789
1841116939
560524150
1866113308
1915186768
2059108540
738260375
1929093906
1720659383
1107459579
832375704
1029980570
17761523
